0 99.28515200
<<<<<<< HEAD
=======
1 99.28454300
2 99.28452900
3 99.28451500
4 99.28450000
5 99.28448600
6 99.28447100
7 99.28445700
8 99.28444200
9 99.28442800
10 99.28441300
11 99.28439900
12 99.28438400
13 99.28437000
14 99.28435500
15 99.28434100
16 99.28432700
17 99.28431200
18 99.28429800
19 99.28428300
20 99.28426900
21 99.28425400
22 99.28424000
23 99.28422500
24 99.28421100
25 99.28419600
26 99.28418200
27 99.28416800
28 99.28415300
29 99.28413900
30 99.28412400
31 99.28411000
32 99.28409500
33 99.28408100
34 99.28406600
35 99.28405200
36 99.28403700
37 99.28402300
38 99.28400800
39 99.28399400
40 99.28398000
41 99.28396500
42 99.28395100
43 99.28393600
44 99.28392200
45 99.28390700
46 99.28389300
47 99.28387800
48 99.28386400
49 99.28384900
50 99.28383500
51 99.28382100
52 99.28380600
53 99.28379200
54 99.28377700
55 99.28376300
56 99.28374800
57 99.28373400
58 99.28371900
59 99.28370500
60 99.28369000
61 99.28367600
62 99.28366100
63 99.28364700
64 99.28363300
65 99.28361800
66 99.28360400
67 99.28358900
68 99.28357500
69 99.28356000
70 99.28354600
71 99.28353100
72 99.28351700
73 99.28350200
74 99.28348800
75 99.28347400
76 99.28345900
77 99.28344500
78 99.28343000
79 99.28341600
80 99.28340100
81 99.28338700
82 99.28337200
83 99.28335800
84 99.28334300
85 99.28332900
86 99.28331400
87 99.28330000
88 99.28328600
89 99.28327100
90 99.28325700
91 99.28324200
92 99.28322800
93 99.28321300
94 99.28319900
95 99.28318400
96 99.28317000
97 99.28315500
98 99.28314100
99 99.28312700
100 99.28311200
>>>>>>> 6dce1b79edd5a2d14a490ff2746fb01fd2b27fd2
