0 99.127575261900
1 99.143497519900
2 99.166703655800
3 99.228852985900
4 99.323269301200
5 99.322440661700
6 99.321612022200
7 99.320783382700
8 99.319954743300
9 99.319126103800
10 99.318297464300
11 99.317468824800
12 99.316640185300
13 99.315811545800
14 99.314982906400
15 99.314154266900
16 99.313325627400
17 99.312496987900
18 99.311668348400
19 99.310839708900
20 99.310011069500
21 99.309182430000
22 99.308353790500
23 99.307525151000
24 99.306696511500
25 99.305867872000
26 99.305039232600
27 99.304210593100
28 99.303381953600
29 99.302553314100
30 99.301724674600
31 99.300896035100
32 99.300067395700
33 99.299238756200
34 99.298410116700
35 99.297581477200
36 99.296752837700
37 99.295924198200
38 99.295095558800
39 99.294266919300
40 99.293438279800
41 99.292609640300
42 99.291781000800
43 99.290952361300
44 99.290123721900
45 99.289295082400
46 99.288466442900
47 99.287637803400
48 99.286809163900
49 99.285980524400
50 99.285151885000
