0 99.12757600
.2 99.12673800
.4 99.13934500
.6 99.13866300
.8 99.13798200
1.0 99.14349800
1.2 99.14279800
1.4 99.14209900
1.6 99.14139900
1.8 99.14069900
2.0 99.16670400
2.2 99.16609600
2.4 99.16548900
2.6 99.17122500
2.8 99.17074600
3.0 99.22885300
3.2 99.22859600
3.4 99.23449800
3.6 99.24057500
3.8 99.24031700
4.0 99.32327000
4.2 99.32310400
4.4 99.32293800
4.6 99.32277300
4.8 99.32260700
5.0 99.32244100
5.2 99.32227500
5.4 99.32211000
5.6 99.32194400
5.8 99.32177800
6.0 99.32161300
6.2 99.32144700
6.4 99.32128100
6.6 99.32111500
6.8 99.32095000
7.0 99.32078400
7.2 99.32061800
7.4 99.32045200
7.6 99.32028700
7.8 99.32012100
8.0 99.31995500
8.2 99.31979000
8.4 99.31962400
8.6 99.31945800
8.8 99.31929200
9.0 99.31912700
9.2 99.31896100
9.4 99.31879500
9.6 99.31862900
9.8 99.31846400
10.0 99.31829800
