0 99.140633052500
1 99.147269223500
2 99.153689357100
3 99.160377557800
4 99.213449414900
5 99.332837304300
6 99.332837304300
7 99.332837304300
8 99.332837304300
9 99.332837304300
10 99.332837304300
11 99.332837304300
12 99.332837304300
13 99.332837304300
14 99.332837304300
15 99.332837304300
16 99.332837304300
17 99.332837304300
18 99.332837304300
19 99.332837304300
20 99.332837304300
21 99.332837304300
22 99.332837304300
23 99.332837304300
24 99.332837304300
25 99.332837304300
26 99.332837304300
27 99.332837304300
28 99.332837304300
29 99.332837304300
30 99.332837304300
31 99.332837304300
32 99.339454311400
33 99.339454311400
34 99.339454311400
35 99.339454311400
36 99.339454311400
37 99.339454311400
38 99.339454311400
39 99.339454311400
40 99.339454311400
41 99.339454311400
42 99.339454311400
43 99.339454311400
44 99.339454311400
45 99.339454311400
46 99.339454311400
47 99.339454311400
48 99.339454311400
49 99.339454311400
50 99.339454311400
