0 97.664703351100
.1 97.663934402100
.2 97.663002617000
.3 97.662235046900
.4 97.661538469700
.5 97.660976883100
.6 97.660345716100
.7 97.659694371100
.8 97.659043026200
.9 97.658508579000
1.0 97.657933775800
1.1 97.657309570200
1.2 97.656694411100
1.3 97.656079251900
1.4 97.655464092800
1.5 97.654972792800
1.6 97.654384773000
1.7 97.653796753300
1.8 97.653208733500
1.9 97.652679162600
2.0 97.652100189300
2.1 97.651521216000
2.2 97.650942242700
2.3 97.650494089900
2.4 97.650016712700
2.5 97.649746697900
2.6 97.649632557900
2.7 97.649225467300
2.8 97.648818376700
2.9 97.648586632700
3.0 97.648258169000
3.1 97.647887264200
3.2 97.647570638200
3.3 97.647298538300
3.4 97.647130825700
3.5 97.647035484800
3.6 97.646815578600
3.7 97.646697783900
3.8 97.646579989100
3.9 97.646523401100
4.0 97.646507316300
4.1 97.646425898100
4.2 97.646344480000
4.3 97.646263061900
4.4 97.646181643800
4.5 97.646100225600
4.6 97.646018807500
4.7 97.645937389400
4.8 97.645855971300
4.9 97.645774553200
5.0 97.645693135000
5.1 97.645611716900
5.2 97.645530298800
5.3 97.645448880700
5.4 97.645367462600
5.5 97.645286044400
5.6 97.645204626300
5.7 97.645123208200
5.8 97.645041790100
5.9 97.644960371900
6.0 97.644878953800
6.1 97.644797535700
6.2 97.644716117600
6.3 97.644634699500
6.4 97.644553281300
6.5 97.644471863200
6.6 97.644390445100
6.7 97.644309027000
6.8 97.644227608900
6.9 97.644146190700
7.0 97.644064772600
7.1 97.643983354500
7.2 97.643901936400
7.3 97.643820518200
7.4 97.643739100100
7.5 97.643657682000
7.6 97.643576263900
7.7 97.643494845800
7.8 97.643413427600
7.9 97.643332009500
8.0 97.643250591400
8.1 97.643169173300
8.2 97.643087755200
8.3 97.643006337000
8.4 97.642924918900
8.5 97.642843500800
8.6 97.642762082700
8.7 97.642680664500
8.8 97.642599246400
8.9 97.642517828300
9.0 97.642436410200
9.1 97.642354992100
9.2 97.642273573900
9.3 97.642192155800
9.4 97.642110737700
9.5 97.642029319600
9.6 97.641947901400
9.7 97.641866483300
9.8 97.641785065200
9.9 97.641703647100
10.0 97.641622229000
10.1 97.641540810800
10.2 97.641459392700
10.3 97.641377974600
10.4 97.641296556500
10.5 97.641215138400
10.6 97.641133720200
10.7 97.641052302100
10.8 97.640970884000
10.9 97.640889465900
11.0 97.640808047700
11.1 97.640726629600
11.2 97.640645211500
11.3 97.640563793400
11.4 97.640482375300
11.5 97.640400957100
11.6 97.640319539000
11.7 97.640238120900
11.8 97.640156702800
11.9 97.640075284700
12.0 97.639993866500
12.1 97.639912448400
12.2 97.639831030300
12.3 97.639749612200
12.4 97.639668194000
12.5 97.639586775900
12.6 97.639505357800
12.7 97.639423939700
12.8 97.639342521600
12.9 97.639261103400
13.0 97.639179685300
13.1 97.639098267200
13.2 97.639016849100
13.3 97.638935431000
13.4 97.638854012800
13.5 97.638772594700
13.6 97.638691176600
13.7 97.638609758500
13.8 97.638528340300
13.9 97.638446922200
14.0 97.638365504100
14.1 97.638284086000
14.2 97.638202667900
14.3 97.638121249700
14.4 97.638039831600
14.5 97.637958413500
14.6 97.637876995400
14.7 97.637795577200
14.8 97.637714159100
14.9 97.637632741000
15.0 97.637551322900
15.1 97.637469904800
15.2 97.637388486600
15.3 97.637307068500
15.4 97.637225650400
15.5 97.637144232300
15.6 97.637062814200
15.7 97.636981396000
15.8 97.636899977900
15.9 97.636818559800
16.0 97.636737141700
16.1 97.636655723500
16.2 97.636574305400
16.3 97.636492887300
16.4 97.636411469200
16.5 97.636330051100
16.6 97.636248632900
16.7 97.636167214800
16.8 97.636085796700
16.9 97.636004378600
17.0 97.635922960500
17.1 97.635841542300
17.2 97.635760124200
17.3 97.635678706100
17.4 97.635597288000
17.5 97.635515869800
17.6 97.635434451700
17.7 97.635353033600
17.8 97.635271615500
17.9 97.635190197400
18.0 97.635108779200
18.1 97.635027361100
18.2 97.634945943000
18.3 97.634864524900
18.4 97.634783106800
18.5 97.634701688600
18.6 97.634620270500
18.7 97.634538852400
18.8 97.634457434300
18.9 97.634376016100
19.0 97.634294598000
19.1 97.634213179900
19.2 97.634131761800
19.3 97.634050343700
19.4 97.633968925500
19.5 97.633887507400
19.6 97.633806089300
19.7 97.633724671200
19.8 97.633643253100
19.9 97.633561834900
20.0 97.633480416800
20.1 97.633398998700
20.2 97.633317580600
20.3 97.633236162400
20.4 97.633154744300
20.5 97.633073326200
20.6 97.632991908100
20.7 97.632910490000
20.8 97.632829071800
20.9 97.632747653700
21.0 97.632666235600
21.1 97.632584817500
21.2 97.632503399300
21.3 97.632421981200
21.4 97.632340563100
21.5 97.632259145000
21.6 97.632177726900
21.7 97.632096308700
21.8 97.632014890600
21.9 97.631933472500
22.0 97.631852054400
22.1 97.631770636300
22.2 97.631689218100
22.3 97.631607800000
22.4 97.631526381900
22.5 97.631444963800
22.6 97.631363545600
22.7 97.631282127500
22.8 97.631200709400
22.9 97.631119291300
23.0 97.631037873200
23.1 97.630956455000
23.2 97.630875036900
23.3 97.630793618800
23.4 97.630712200700
23.5 97.630630782600
23.6 97.630549364400
23.7 97.630467946300
23.8 97.630386528200
23.9 97.630305110100
24.0 97.630223691900
24.1 97.630142273800
24.2 97.630060855700
24.3 97.629979437600
24.4 97.629898019500
24.5 97.629816601300
24.6 97.629735183200
24.7 97.629653765100
24.8 97.629572347000
24.9 97.629490928900
25.0 97.629409510700
25.1 97.629328092600
25.2 97.629246674500
25.3 97.629165256400
25.4 97.629083838200
25.5 97.629002420100
25.6 97.628921002000
25.7 97.628839583900
25.8 97.628758165800
25.9 97.628676747600
26.0 97.628595329500
26.1 97.628513911400
26.2 97.628432493300
26.3 97.628351075200
26.4 97.628269657000
26.5 97.628188238900
26.6 97.628106820800
26.7 97.628025402700
26.8 97.627943984500
26.9 97.627862566400
27.0 97.627781148300
27.1 97.627699730200
27.2 97.627618312100
27.3 97.627536893900
27.4 97.627455475800
27.5 97.627374057700
27.6 97.627292639600
27.7 97.627211221400
27.8 97.627129803300
27.9 97.627048385200
28.0 97.626966967100
28.1 97.626885549000
28.2 97.626804130800
28.3 97.626722712700
28.4 97.626641294600
28.5 97.626559876500
28.6 97.626478458400
28.7 97.626397040200
28.8 97.626315622100
28.9 97.626234204000
29.0 97.626152785900
29.1 97.626071367700
29.2 97.625989949600
29.3 97.625908531500
29.4 97.625827113400
29.5 97.625745695300
29.6 97.625664277100
29.7 97.625582859000
29.8 97.625501440900
29.9 97.625420022800
30.0 97.625338604700
30.1 97.625257186500
30.2 97.625175768400
30.3 97.625094350300
30.4 97.625012932200
30.5 97.624931514000
30.6 97.624850095900
30.7 97.624768677800
30.8 97.624687259700
30.9 97.624605841600
31.0 97.624524423400
31.1 97.624443005300
31.2 97.624361587200
31.3 97.624280169100
31.4 97.624198751000
31.5 97.624117332800
31.6 97.624035914700
31.7 97.623954496600
31.8 97.623873078500
31.9 97.623791660300
32.0 97.623710242200
32.1 97.623628824100
32.2 97.623547406000
32.3 97.623465987900
32.4 97.623384569700
32.5 97.623303151600
32.6 97.623221733500
32.7 97.623140315400
32.8 97.623058897300
32.9 97.622977479100
33.0 97.622896061000
33.1 97.622814642900
33.2 97.622733224800
33.3 97.622651806600
33.4 97.622570388500
33.5 97.622488970400
33.6 97.622407552300
33.7 97.622326134200
33.8 97.622244716000
33.9 97.622163297900
34.0 97.622081879800
34.1 97.622000461700
34.2 97.621919043500
34.3 97.621837625400
34.4 97.621756207300
34.5 97.621674789200
34.6 97.621593371100
34.7 97.621511952900
34.8 97.621430534800
34.9 97.621349116700
35.0 97.621267698600
35.1 97.621186280500
35.2 97.621104862300
35.3 97.621023444200
35.4 97.620942026100
35.5 97.620860608000
35.6 97.620779189800
35.7 97.620697771700
35.8 97.620616353600
35.9 97.620534935500
36.0 97.620453517400
36.1 97.620372099200
36.2 97.620290681100
36.3 97.620209263000
36.4 97.620127844900
36.5 97.620046426800
36.6 97.619965008600
36.7 97.619883590500
36.8 97.619802172400
36.9 97.619720754300
37.0 97.619639336100
37.1 97.619557918000
37.2 97.619476499900
37.3 97.619395081800
37.4 97.619313663700
37.5 97.619232245500
37.6 97.619150827400
37.7 97.619069409300
37.8 97.618987991200
37.9 97.618906573100
38.0 97.618825154900
38.1 97.618743736800
38.2 97.618662318700
38.3 97.618580900600
38.4 97.618499482400
38.5 97.618418064300
38.6 97.618336646200
38.7 97.618255228100
38.8 97.618173810000
38.9 97.618092391800
39.0 97.618010973700
39.1 97.617929555600
39.2 97.617848137500
39.3 97.617766719400
39.4 97.617685301200
39.5 97.617603883100
39.6 97.617522465000
39.7 97.617441046900
39.8 97.617359628700
39.9 97.617278210600
40.0 97.617196792500
40.1 97.617115374400
40.2 97.617033956300
40.3 97.616952538100
40.4 97.616871120000
40.5 97.616789701900
40.6 97.616708283800
40.7 97.616626865600
40.8 97.616545447500
40.9 97.616464029400
41.0 97.616382611300
41.1 97.616301193200
41.2 97.616219775000
41.3 97.616138356900
41.4 97.616056938800
41.5 97.615975520700
41.6 97.615894102600
41.7 97.615812684400
41.8 97.615731266300
41.9 97.615649848200
42.0 97.615568430100
42.1 97.615487011900
42.2 97.615405593800
42.3 97.615324175700
42.4 97.615242757600
42.5 97.615161339500
42.6 97.615079921300
42.7 97.614998503200
42.8 97.614917085100
42.9 97.614835667000
43.0 97.614754248900
43.1 97.614672830700
43.2 97.614591412600
43.3 97.614509994500
43.4 97.614428576400
43.5 97.614347158200
43.6 97.614265740100
43.7 97.614184322000
43.8 97.614102903900
43.9 97.614021485800
44.0 97.613940067600
44.1 97.613858649500
44.2 97.613777231400
44.3 97.613695813300
44.4 97.613614395200
44.5 97.613532977000
44.6 97.613451558900
44.7 97.613370140800
44.8 97.613288722700
44.9 97.613207304500
45.0 97.613125886400
45.1 97.613044468300
45.2 97.612963050200
45.3 97.612881632100
45.4 97.612800213900
45.5 97.612718795800
45.6 97.612637377700
45.7 97.612555959600
45.8 97.612474541400
45.9 97.612393123300
46.0 97.612311705200
46.1 97.612230287100
46.2 97.612148869000
46.3 97.612067450800
46.4 97.611986032700
46.5 97.611904614600
46.6 97.611823196500
46.7 97.611741778400
46.8 97.611660360200
46.9 97.611578942100
47.0 97.611497524000
47.1 97.611416105900
47.2 97.611334687700
47.3 97.611253269600
47.4 97.611171851500
47.5 97.611090433400
47.6 97.611009015300
47.7 97.610927597100
47.8 97.610846179000
47.9 97.610764760900
48.0 97.610683342800
48.1 97.610601924700
48.2 97.610520506500
48.3 97.610439088400
48.4 97.610357670300
48.5 97.610276252200
48.6 97.610194834000
48.7 97.610113415900
48.8 97.610031997800
48.9 97.609950579700
49.0 97.609869161600
49.1 97.609787743400
49.2 97.609706325300
49.3 97.609624907200
49.4 97.609543489100
49.5 97.609462071000
49.6 97.609380652800
49.7 97.609299234700
49.8 97.609217816600
49.9 97.609136398500
50.0 97.609054980300
50.1 97.608973562200
50.2 97.608892144100
50.3 97.608810726000
50.4 97.608729307900
50.5 97.608647889700
50.6 97.608566471600
50.7 97.608485053500
50.8 97.608403635400
50.9 97.608322217300
51.0 97.608240799100
51.1 97.608159381000
51.2 97.608077962900
51.3 97.607996544800
51.4 97.607915126600
51.5 97.607833708500
51.6 97.607752290400
51.7 97.607670872300
51.8 97.607589454200
51.9 97.607508036000
52.0 97.607426617900
52.1 97.607345199800
52.2 97.607263781700
52.3 97.607182363500
52.4 97.607100945400
52.5 97.607019527300
52.6 97.606938109200
52.7 97.606856691100
52.8 97.606775272900
52.9 97.606693854800
53.0 97.606612436700
53.1 97.606531018600
53.2 97.606449600500
53.3 97.606368182300
53.4 97.606286764200
53.5 97.606205346100
53.6 97.606123928000
53.7 97.606042509800
53.8 97.605961091700
53.9 97.605879673600
54.0 97.605798255500
54.1 97.605716837400
54.2 97.605635419200
54.3 97.605554001100
54.4 97.605472583000
54.5 97.605391164900
54.6 97.605309746800
54.7 97.605228328600
54.8 97.605146910500
54.9 97.605065492400
55.0 97.604984074300
55.1 97.604902656100
55.2 97.604821238000
55.3 97.604739819900
55.4 97.604658401800
55.5 97.604576983700
55.6 97.604495565500
55.7 97.604414147400
55.8 97.604332729300
55.9 97.604251311200
56.0 97.604169893100
56.1 97.604088474900
56.2 97.604007056800
56.3 97.603925638700
56.4 97.603844220600
56.5 97.603762802400
56.6 97.603681384300
56.7 97.603599966200
56.8 97.603518548100
56.9 97.603437130000
57.0 97.603355711800
57.1 97.603274293700
57.2 97.603192875600
57.3 97.603111457500
57.4 97.603030039400
57.5 97.602948621200
57.6 97.602867203100
57.7 97.602785785000
57.8 97.602704366900
57.9 97.602622948700
58.0 97.602541530600
58.1 97.602460112500
58.2 97.602378694400
58.3 97.602297276300
58.4 97.602215858100
58.5 97.602134440000
58.6 97.602053021900
58.7 97.601971603800
58.8 97.601890185600
58.9 97.601808767500
59.0 97.601727349400
59.1 97.601645931300
59.2 97.601564513200
59.3 97.601483095000
59.4 97.601401676900
59.5 97.601320258800
59.6 97.601238840700
59.7 97.601157422600
59.8 97.601076004400
59.9 97.600994586300
60.0 97.600913168200
60.1 97.600831750100
60.2 97.600750331900
60.3 97.600668913800
60.4 97.600587495700
60.5 97.600506077600
60.6 97.600424659500
60.7 97.600343241300
60.8 97.600261823200
60.9 97.600180405100
61.0 97.600098987000
61.1 97.600017568900
61.2 97.599936150700
61.3 97.599854732600
61.4 97.599773314500
61.5 97.599691896400
61.6 97.599610478200
61.7 97.599529060100
61.8 97.599447642000
61.9 97.599366223900
62.0 97.599284805800
62.1 97.599203387600
62.2 97.599121969500
62.3 97.599040551400
62.4 97.598959133300
62.5 97.598877715200
62.6 97.598796297000
62.7 97.598714878900
62.8 97.598633460800
62.9 97.598552042700
63.0 97.598470624500
63.1 97.598389206400
63.2 97.598307788300
63.3 97.598226370200
63.4 97.598144952100
63.5 97.598063533900
63.6 97.597982115800
63.7 97.597900697700
63.8 97.597819279600
63.9 97.597737861500
64.0 97.597656443300
64.1 97.597575025200
64.2 97.597493607100
64.3 97.597412189000
64.4 97.597330770800
64.5 97.597249352700
64.6 97.597167934600
64.7 97.597086516500
64.8 97.597005098400
64.9 97.596923680200
65.0 97.596842262100
65.1 97.596760844000
65.2 97.596679425900
65.3 97.596598007700
65.4 97.596516589600
65.5 97.596435171500
65.6 97.596353753400
65.7 97.596272335300
65.8 97.596190917100
65.9 97.596109499000
66.0 97.596028080900
66.1 97.595946662800
66.2 97.595865244700
66.3 97.595783826500
66.4 97.595702408400
66.5 97.595620990300
66.6 97.595539572200
66.7 97.595458154000
66.8 97.595376735900
66.9 97.595295317800
67.0 97.595213899700
67.1 97.595132481600
67.2 97.595051063400
67.3 97.594969645300
67.4 97.594888227200
67.5 97.594806809100
67.6 97.594725391000
67.7 97.594643972800
67.8 97.594562554700
67.9 97.594481136600
68.0 97.594399718500
68.1 97.594318300300
68.2 97.594236882200
68.3 97.594155464100
68.4 97.594074046000
68.5 97.593992627900
68.6 97.593911209700
68.7 97.593829791600
68.8 97.593748373500
68.9 97.593666955400
69.0 97.593585537300
69.1 97.593504119100
69.2 97.593422701000
69.3 97.593341282900
69.4 97.593259864800
69.5 97.593178446600
69.6 97.593097028500
69.7 97.593015610400
69.8 97.592934192300
69.9 97.592852774200
70.0 97.592771356000
70.1 97.592689937900
70.2 97.592608519800
70.3 97.592527101700
70.4 97.592445683600
70.5 97.592364265400
70.6 97.592282847300
70.7 97.592201429200
70.8 97.592120011100
70.9 97.592038592900
71.0 97.591957174800
71.1 97.591875756700
71.2 97.591794338600
71.3 97.591712920500
71.4 97.591631502300
71.5 97.591550084200
71.6 97.591468666100
71.7 97.591387248000
71.8 97.591305829800
71.9 97.591224411700
72.0 97.591142993600
72.1 97.591061575500
72.2 97.590980157400
72.3 97.590898739200
72.4 97.590817321100
72.5 97.590735903000
72.6 97.590654484900
72.7 97.590573066800
72.8 97.590491648600
72.9 97.590410230500
73.0 97.590328812400
73.1 97.590247394300
73.2 97.590165976100
73.3 97.590084558000
73.4 97.590003139900
73.5 97.589921721800
73.6 97.589840303700
73.7 97.589758885500
73.8 97.589677467400
73.9 97.589596049300
74.0 97.589514631200
74.1 97.589433213100
74.2 97.589351794900
74.3 97.589270376800
74.4 97.589188958700
74.5 97.589107540600
74.6 97.589026122400
74.7 97.588944704300
74.8 97.588863286200
74.9 97.588781868100
75.0 97.588700450000
75.1 97.588619031800
75.2 97.588537613700
75.3 97.588456195600
75.4 97.588374777500
75.5 97.588293359400
75.6 97.588211941200
75.7 97.588130523100
75.8 97.588049105000
75.9 97.587967686900
76.0 97.587886268700
76.1 97.587804850600
76.2 97.587723432500
76.3 97.587642014400
76.4 97.587560596300
76.5 97.587479178100
76.6 97.587397760000
76.7 97.587316341900
76.8 97.587234923800
76.9 97.587153505600
77.0 97.587072087500
77.1 97.586990669400
77.2 97.586909251300
77.3 97.586827833200
77.4 97.586746415000
77.5 97.586664996900
77.6 97.586583578800
77.7 97.586502160700
77.8 97.586420742600
77.9 97.586339324400
78.0 97.586257906300
78.1 97.586176488200
78.2 97.586095070100
78.3 97.586013651900
78.4 97.585932233800
78.5 97.585850815700
78.6 97.585769397600
78.7 97.585687979500
78.8 97.585606561300
78.9 97.585525143200
79.0 97.585443725100
79.1 97.585362307000
79.2 97.585280888900
79.3 97.585199470700
79.4 97.585118052600
79.5 97.585036634500
79.6 97.584955216400
79.7 97.584873798200
79.8 97.584792380100
79.9 97.584710962000
80.0 97.584629543900
80.1 97.584548125800
80.2 97.584466707600
80.3 97.584385289500
80.4 97.584303871400
80.5 97.584222453300
80.6 97.584141035200
80.7 97.584059617000
80.8 97.583978198900
80.9 97.583896780800
81.0 97.583815362700
81.1 97.583733944500
81.2 97.583652526400
81.3 97.583571108300
81.4 97.583489690200
81.5 97.583408272100
81.6 97.583326853900
81.7 97.583245435800
81.8 97.583164017700
81.9 97.583082599600
82.0 97.583001181500
82.1 97.582919763300
82.2 97.582838345200
82.3 97.582756927100
82.4 97.582675509000
82.5 97.582594090800
82.6 97.582512672700
82.7 97.582431254600
82.8 97.582349836500
82.9 97.582268418400
83.0 97.582187000200
83.1 97.582105582100
83.2 97.582024164000
83.3 97.581942745900
83.4 97.581861327700
83.5 97.581779909600
83.6 97.581698491500
83.7 97.581617073400
83.8 97.581535655300
83.9 97.581454237100
84.0 97.581372819000
84.1 97.581291400900
84.2 97.581209982800
84.3 97.581128564700
84.4 97.581047146500
84.5 97.580965728400
84.6 97.580884310300
84.7 97.580802892200
84.8 97.580721474000
84.9 97.580640055900
85.0 97.580558637800
85.1 97.580477219700
85.2 97.580395801600
85.3 97.580314383400
85.4 97.580232965300
85.5 97.580151547200
85.6 97.580070129100
85.7 97.579988711000
85.8 97.579907292800
85.9 97.579825874700
86.0 97.579744456600
86.1 97.579663038500
86.2 97.579581620300
86.3 97.579500202200
86.4 97.579418784100
86.5 97.579337366000
86.6 97.579255947900
86.7 97.579174529700
86.8 97.579093111600
86.9 97.579011693500
87.0 97.578930275400
87.1 97.578848857300
87.2 97.578767439100
87.3 97.578686021000
87.4 97.578604602900
87.5 97.578523184800
87.6 97.578441766600
87.7 97.578360348500
87.8 97.578278930400
87.9 97.578197512300
88.0 97.578116094200
88.1 97.578034676000
88.2 97.577953257900
88.3 97.577871839800
88.4 97.577790421700
88.5 97.577709003600
88.6 97.577627585400
88.7 97.577546167300
88.8 97.577464749200
88.9 97.577383331100
89.0 97.577301912900
89.1 97.577220494800
89.2 97.577139076700
89.3 97.577057658600
89.4 97.576976240500
89.5 97.576894822300
89.6 97.576813404200
89.7 97.576731986100
89.8 97.576650568000
89.9 97.576569149800
90.0 97.576487731700
90.1 97.576406313600
90.2 97.576324895500
90.3 97.576243477400
90.4 97.576162059200
90.5 97.576080641100
90.6 97.575999223000
90.7 97.575917804900
90.8 97.575836386800
90.9 97.575754968600
91.0 97.575673550500
91.1 97.575592132400
91.2 97.575510714300
91.3 97.575429296100
91.4 97.575347878000
91.5 97.575266459900
91.6 97.575185041800
91.7 97.575103623700
91.8 97.575022205500
91.9 97.574940787400
92.0 97.574859369300
92.1 97.574777951200
92.2 97.574696533100
92.3 97.574615114900
92.4 97.574533696800
92.5 97.574452278700
92.6 97.574370860600
92.7 97.574289442400
92.8 97.574208024300
92.9 97.574126606200
93.0 97.574045188100
93.1 97.573963770000
93.2 97.573882351800
93.3 97.573800933700
93.4 97.573719515600
93.5 97.573638097500
93.6 97.573556679400
93.7 97.573475261200
93.8 97.573393843100
93.9 97.573312425000
94.0 97.573231006900
94.1 97.573149588700
94.2 97.573068170600
94.3 97.572986752500
94.4 97.572905334400
94.5 97.572823916300
94.6 97.572742498100
94.7 97.572661080000
94.8 97.572579661900
94.9 97.572498243800
95.0 97.572416825700
95.1 97.572335407500
95.2 97.572253989400
95.3 97.572172571300
95.4 97.572091153200
95.5 97.572009735000
95.6 97.571928316900
95.7 97.571846898800
95.8 97.571765480700
95.9 97.571684062600
96.0 97.571602644400
96.1 97.571521226300
96.2 97.571439808200
96.3 97.571358390100
96.4 97.571276971900
96.5 97.571195553800
96.6 97.571114135700
96.7 97.571032717600
96.8 97.570951299500
96.9 97.570869881300
97.0 97.570788463200
97.1 97.570707045100
97.2 97.570625627000
97.3 97.570544208900
97.4 97.570462790700
97.5 97.570381372600
97.6 97.570299954500
97.7 97.570218536400
97.8 97.570137118200
97.9 97.570055700100
98.0 97.569974282000
98.1 97.569892863900
98.2 97.569811445800
98.3 97.569730027600
98.4 97.569648609500
98.5 97.569567191400
98.6 97.569485773300
98.7 97.569404355200
98.8 97.569322937000
98.9 97.569241518900
99.0 97.569160100800
99.1 97.569078682700
99.2 97.568997264500
99.3 97.568915846400
99.4 97.568834428300
99.5 97.568753010200
99.6 97.568671592100
99.7 97.568590173900
99.8 97.568508755800
99.9 97.568427337700
100.0 97.568345919600
