0 0.2606726390
.2 0.2609229800
.4 0.2571562290
.6 0.2573598030
.8 0.2575633770
1.0 0.2559152120
1.2 0.2561242880
1.4 0.2563333640
1.6 0.2565424400
1.8 0.2567515160
2.0 0.2489814280
2.2 0.2491630300
2.4 0.2493446320
2.6 0.2476307310
2.8 0.2477737830
3.0 0.2304117690
3.2 0.2304887970
3.4 0.2287250900
3.6 0.2269095280
3.8 0.2269865740
4.0 0.2022010260
4.2 0.2022505440
4.4 0.2023000620
4.6 0.2023495800
4.8 0.2023990980
5.0 0.2024486160
5.2 0.2024981340
5.4 0.2025476520
5.6 0.2025971700
5.8 0.2026466880
6.0 0.2026962060
6.2 0.2027457240
6.4 0.2027952420
6.6 0.2028447600
6.8 0.2028942780
7.0 0.2029437960
7.2 0.2029933140
7.4 0.2030428320
7.6 0.2030923500
7.8 0.2031418680
8.0 0.2031913860
8.2 0.2032409040
8.4 0.2032904220
8.6 0.2033399400
8.8 0.2033894580
9.0 0.2034389760
9.2 0.2034884940
9.4 0.2035380120
9.6 0.2035875300
9.8 0.2036370480
10.0 0.2036865660
