0 0.6977655650
.2 0.6982737290
.4 0.6987112030
.6 0.6990675870
.8 0.6994568190
1.0 0.6997882530
1.2 0.7001585640
1.4 0.7005261720
1.6 0.7008486630
1.8 0.7012000530
2.0 0.7015312760
2.2 0.7018772600
2.4 0.7021538000
2.6 0.7022685820
2.8 0.7025118520
3.0 0.7026792370
3.2 0.7028846650
3.4 0.7030160770
3.6 0.7031102700
3.8 0.7031806620
4.0 0.7032023760
4.2 0.7032510300
4.4 0.7032996840
4.6 0.7033483380
4.8 0.7033969920
5.0 0.7034456460
5.2 0.7034943000
5.4 0.7035429540
5.6 0.7035916080
5.8 0.7036402620
6.0 0.7036889160
6.2 0.7037375700
6.4 0.7037862240
6.6 0.7038348780
6.8 0.7038835320
7.0 0.7039321860
7.2 0.7039808400
7.4 0.7040294940
7.6 0.7040781480
7.8 0.7041268020
8.0 0.7041754560
8.2 0.7042241100
8.4 0.7042727640
8.6 0.7043214180
8.8 0.7043700720
9.0 0.7044187260
9.2 0.7044673800
9.4 0.7045160340
9.6 0.7045646880
9.8 0.7046133420
10.0 0.7046619960
