0.2567710890
0.2547882610
0.2528699830
0.2508716090
0.2350142170
0.1993421930
0.1993421930
0.1993421930
0.1993421930
0.1993421930
0.1993421930
0.1993421930
0.1993421930
0.1993421930
0.1993421930
0.1993421930
0.1993421930
0.1993421930
0.1993421930
0.1993421930
0.1993421930
0.1993421930
0.1993421930
0.1993421930
0.1993421930
0.1993421930
0.1993421930
0.1993421930
0.1993421930
0.1993421930
0.1993421930
0.1993421930
0.1973650910
0.1973650910
0.1973650910
0.1973650910
0.1973650910
0.1973650910
0.1973650910
0.1973650910
0.1973650910
0.1973650910
0.1973650910
0.1973650910
0.1973650910
0.1973650910
0.1973650910
0.1973650910
0.1973650910
0.1973650910
0.1973650910
